5346683
5424054
5489477
5543378
5560898
5626650
5626812
5627140
5653951
5691101
5695734
5697827
5698175
5716708
5726524
5761583
5762898
5764004
5773834
5780101
5800706
5824470
5862286
5866434
5889372
5916642
5919429
5925465
5933791
5945176
5948465
5951832
5965267
5967873
5973444
5985112
5985446
5993697
5997832
6019656
6020677
6020747
6038060
6057637
6059627
6062931
6083624
6087765
6097138
6113807
6114068
6128214
6129901
6139919
6146227
6146230
6157043
6159538
6159742
6180396
6181055
6183714
6187823
6190634
6203864
6205016
6214108
6216631
6221154
6221330
6221489
6225198
6228498
6231980
6232706
6239547
6250984
6256767
6256996
6258401
6261532
6270946
6274513
6277318
6278231
6280677
6280697
6282907
6283812
6286226
6287765
6290564
6297592
6299812
6303094
6306736
6307323
6310431
6310583
6312303
6314019
6325909
6329745
6331209
6331262
6331690
6333016
6334939
6335059
6339281
6340822
6342276
6346189
6346303
6346775